46.1538
46.1538
46.1538
46.1538
46.1538
46.1538
46.1538
46.1538
46.1538
46.1538
46.1538
46.1538
46.1538
46.1538
46.1538
46.1538
46.1538
46.1538
46.1538
46.1538
49.4505
49.4505
49.4505
59.3407
64.8352
68.1319
68.1319
68.1319
68.1319
68.1319
68.1319
68.1319
68.1319
68.1319
68.1319
68.1319
68.1319
68.1319
70.3297
70.3297
70.3297
70.3297
68.1319
68.1319
68.1319
68.1319
68.1319
68.1319
68.1319
68.1319
68.1319
67.033
67.033
67.033
68.1319
69.2308
69.2308
69.2308
69.2308
68.1319
68.1319
67.033
65.9341
65.9341
65.9341
65.9341
64.8352
64.8352
64.8352
65.9341
65.9341
64.8352
63.7363
63.7363
63.7363
63.7363
63.7363
63.7363
63.7363
63.7363
63.7363
63.7363
63.7363
63.7363
63.7363
63.7363
62.6374
62.6374
62.6374
62.6374
62.6374
62.6374
62.6374
62.6374
62.6374
62.6374
62.6374
62.6374
63.7363
63.7363
