29.6703
34.0659
30.7692
36.2637
36.2637
36.2637
36.2637
35.1648
36.2637
35.1648
36.2637
36.2637
39.5604
39.5604
40.6593
41.7582
40.6593
42.8571
40.6593
40.6593
40.6593
40.6593
40.6593
40.6593
40.6593
40.6593
40.6593
40.6593
40.6593
40.6593
40.6593
40.6593
40.6593
40.6593
40.6593
40.6593
40.6593
40.6593
40.6593
40.6593
40.6593
40.6593
40.6593
40.6593
40.6593
40.6593
40.6593
40.6593
40.6593
40.6593
40.6593
40.6593
40.6593
40.6593
40.6593
40.6593
40.6593
40.6593
40.6593
40.6593
40.6593
40.6593
40.6593
40.6593
40.6593
40.6593
40.6593
40.6593
40.6593
40.6593
40.6593
40.6593
40.6593
40.6593
40.6593
40.6593
40.6593
40.6593
40.6593
40.6593
40.6593
40.6593
40.6593
40.6593
40.6593
40.6593
40.6593
40.6593
40.6593
40.6593
40.6593
40.6593
40.6593
40.6593
40.6593
40.6593
40.6593
40.6593
40.6593
40.6593
