29.6703
37.3626
40.6593
42.8571
43.956
48.3516
48.3516
46.1538
45.0549
46.1538
46.1538
45.0549
46.1538
46.1538
46.1538
46.1538
47.2527
50.5495
51.6484
50.5495
50.5495
50.5495
50.5495
50.5495
50.5495
50.5495
50.5495
50.5495
50.5495
50.5495
50.5495
50.5495
50.5495
50.5495
50.5495
50.5495
50.5495
50.5495
50.5495
50.5495
50.5495
50.5495
50.5495
50.5495
50.5495
50.5495
50.5495
50.5495
50.5495
50.5495
50.5495
50.5495
50.5495
50.5495
50.5495
50.5495
50.5495
50.5495
50.5495
50.5495
50.5495
50.5495
50.5495
50.5495
50.5495
50.5495
50.5495
50.5495
50.5495
50.5495
50.5495
50.5495
50.5495
50.5495
50.5495
50.5495
50.5495
50.5495
50.5495
50.5495
50.5495
50.5495
50.5495
50.5495
50.5495
50.5495
50.5495
50.5495
50.5495
50.5495
50.5495
50.5495
50.5495
50.5495
50.5495
50.5495
50.5495
50.5495
50.5495
50.5495
