67.033
67.033
67.033
67.033
67.033
67.033
67.033
67.033
67.033
67.033
67.033
67.033
67.033
67.033
67.033
67.033
67.033
67.033
67.033
59.3407
59.3407
59.3407
59.3407
59.3407
59.3407
59.3407
59.3407
59.3407
59.3407
59.3407
59.3407
59.3407
60.4396
59.3407
59.3407
59.3407
59.3407
59.3407
59.3407
59.3407
59.3407
59.3407
58.2418
53.8462
53.8462
53.8462
53.8462
53.8462
52.7473
54.9451
54.9451
54.9451
54.9451
54.9451
52.7473
53.8462
53.8462
53.8462
54.9451
53.8462
53.8462
53.8462
51.6484
51.6484
51.6484
52.7473
52.7473
52.7473
51.6484
51.6484
49.4505
49.4505
50.5495
49.4505
47.2527
47.2527
48.3516
48.3516
48.3516
49.4505
50.5495
50.5495
49.4505
48.3516
48.3516
49.4505
48.3516
47.2527
47.2527
46.1538
45.0549
45.0549
45.0549
43.956
42.8571
41.7582
41.7582
40.6593
39.5604
40.6593
