60.4396
60.4396
60.4396
60.4396
60.4396
60.4396
60.4396
60.4396
60.4396
60.4396
60.4396
60.4396
60.4396
60.4396
60.4396
60.4396
60.4396
60.4396
60.4396
60.4396
60.4396
60.4396
60.4396
60.4396
60.4396
60.4396
60.4396
62.6374
56.044
57.1429
60.4396
60.4396
60.4396
60.4396
60.4396
60.4396
60.4396
60.4396
60.4396
60.4396
60.4396
60.4396
60.4396
60.4396
60.4396
60.4396
60.4396
60.4396
60.4396
61.5385
60.4396
61.5385
61.5385
61.5385
61.5385
61.5385
61.5385
61.5385
61.5385
60.4396
60.4396
61.5385
58.2418
58.2418
58.2418
58.2418
60.4396
60.4396
62.6374
62.6374
62.6374
62.6374
61.5385
61.5385
59.3407
59.3407
58.2418
58.2418
58.2418
56.044
56.044
54.9451
54.9451
56.044
54.9451
53.8462
53.8462
54.9451
56.044
54.9451
56.044
54.9451
53.8462
54.9451
52.7473
51.6484
49.4505
49.4505
49.4505
48.3516
