16.4835
16.4835
16.4835
16.4835
16.4835
16.4835
16.4835
16.4835
16.4835
16.4835
16.4835
16.4835
16.4835
16.4835
16.4835
16.4835
16.4835
16.4835
16.4835
16.4835
15.3846
15.3846
15.3846
20.8791
25.2747
29.6703
29.6703
29.6703
29.6703
29.6703
29.6703
29.6703
29.6703
29.6703
29.6703
29.6703
29.6703
29.6703
30.7692
34.0659
34.0659
32.967
40.6593
56.044
59.3407
59.3407
59.3407
59.3407
59.3407
59.3407
59.3407
61.5385
61.5385
61.5385
61.5385
61.5385
61.5385
61.5385
61.5385
61.5385
61.5385
67.033
68.1319
68.1319
67.033
67.033
63.7363
64.8352
67.033
67.033
67.033
65.9341
67.033
65.9341
65.9341
67.033
65.9341
65.9341
65.9341
65.9341
65.9341
67.033
67.033
65.9341
65.9341
64.8352
65.9341
65.9341
64.8352
64.8352
63.7363
63.7363
63.7363
62.6374
62.6374
62.6374
62.6374
62.6374
63.7363
63.7363
