20.8791
20.8791
20.8791
20.8791
20.8791
20.8791
20.8791
20.8791
20.8791
20.8791
20.8791
20.8791
20.8791
20.8791
20.8791
20.8791
20.8791
20.8791
20.8791
16.4835
14.2857
14.2857
14.2857
14.2857
14.2857
14.2857
14.2857
14.2857
14.2857
14.2857
15.3846
17.5824
19.7802
27.4725
27.4725
27.4725
27.4725
27.4725
32.967
32.967
34.0659
31.8681
30.7692
34.0659
34.0659
34.0659
34.0659
34.0659
35.1648
38.4615
40.6593
40.6593
47.2527
47.2527
43.956
46.1538
46.1538
46.1538
47.2527
51.6484
53.8462
56.044
56.044
54.9451
54.9451
52.7473
52.7473
48.3516
48.3516
47.2527
48.3516
47.2527
48.3516
48.3516
49.4505
50.5495
50.5495
49.4505
49.4505
47.2527
47.2527
50.5495
49.4505
48.3516
48.3516
48.3516
48.3516
48.3516
48.3516
48.3516
47.2527
48.3516
46.1538
46.1538
47.2527
46.1538
46.1538
41.7582
41.7582
40.6593
