17.5824
17.5824
17.5824
17.5824
17.5824
17.5824
17.5824
17.5824
17.5824
17.5824
17.5824
17.5824
17.5824
17.5824
17.5824
17.5824
17.5824
17.5824
17.5824
17.5824
17.5824
17.5824
17.5824
17.5824
17.5824
17.5824
17.5824
19.7802
20.8791
20.8791
24.1758
24.1758
24.1758
24.1758
24.1758
24.1758
24.1758
24.1758
24.1758
24.1758
24.1758
24.1758
24.1758
24.1758
24.1758
25.2747
25.2747
29.6703
29.6703
29.6703
35.1648
48.3516
48.3516
48.3516
48.3516
48.3516
48.3516
48.3516
48.3516
50.5495
51.6484
52.7473
49.4505
49.4505
49.4505
49.4505
49.4505
49.4505
51.6484
52.7473
54.9451
56.044
58.2418
58.2418
59.3407
59.3407
59.3407
59.3407
58.2418
59.3407
60.4396
59.3407
59.3407
60.4396
60.4396
61.5385
60.4396
58.2418
58.2418
59.3407
59.3407
57.1429
57.1429
57.1429
53.8462
53.8462
53.8462
51.6484
49.4505
49.4505
