50.5495
67.033
65.9341
67.033
65.9341
62.6374
60.4396
61.5385
60.4396
62.6374
62.6374
62.6374
61.5385
61.5385
61.5385
62.6374
62.6374
62.6374
62.6374
63.7363
63.7363
63.7363
63.7363
63.7363
63.7363
63.7363
63.7363
63.7363
63.7363
63.7363
63.7363
63.7363
63.7363
63.7363
63.7363
63.7363
63.7363
63.7363
63.7363
63.7363
63.7363
63.7363
63.7363
63.7363
63.7363
63.7363
63.7363
63.7363
63.7363
63.7363
63.7363
63.7363
63.7363
63.7363
63.7363
63.7363
63.7363
63.7363
63.7363
63.7363
63.7363
63.7363
63.7363
63.7363
63.7363
63.7363
63.7363
63.7363
63.7363
63.7363
63.7363
63.7363
63.7363
63.7363
63.7363
63.7363
63.7363
63.7363
63.7363
63.7363
63.7363
63.7363
63.7363
63.7363
63.7363
63.7363
63.7363
63.7363
63.7363
63.7363
63.7363
63.7363
63.7363
63.7363
63.7363
63.7363
63.7363
63.7363
63.7363
63.7363
