67.033
59.3407
59.3407
53.8462
54.9451
53.8462
53.8462
51.6484
52.7473
51.6484
49.4505
49.4505
47.2527
48.3516
48.3516
49.4505
50.5495
49.4505
48.3516
48.3516
48.3516
50.5495
48.3516
48.3516
47.2527
46.1538
46.1538
46.1538
46.1538
45.0549
45.0549
45.0549
45.0549
45.0549
46.1538
45.0549
45.0549
45.0549
45.0549
42.8571
42.8571
42.8571
42.8571
42.8571
42.8571
42.8571
42.8571
42.8571
42.8571
42.8571
41.7582
41.7582
41.7582
41.7582
41.7582
41.7582
41.7582
41.7582
41.7582
41.7582
41.7582
41.7582
41.7582
41.7582
41.7582
41.7582
40.6593
40.6593
40.6593
40.6593
40.6593
40.6593
40.6593
40.6593
40.6593
40.6593
39.5604
39.5604
40.6593
