47.2527
64.8352
63.7363
65.9341
65.9341
63.7363
65.9341
63.7363
64.8352
64.8352
65.9341
63.7363
63.7363
63.7363
64.8352
64.8352
64.8352
64.8352
64.8352
64.8352
64.8352
64.8352
64.8352
64.8352
64.8352
63.7363
63.7363
63.7363
63.7363
63.7363
63.7363
63.7363
63.7363
63.7363
63.7363
63.7363
63.7363
63.7363
63.7363
63.7363
63.7363
63.7363
63.7363
63.7363
63.7363
63.7363
63.7363
63.7363
63.7363
63.7363
63.7363
63.7363
63.7363
63.7363
63.7363
63.7363
64.8352
64.8352
64.8352
64.8352
64.8352
64.8352
64.8352
64.8352
64.8352
64.8352
64.8352
64.8352
64.8352
64.8352
64.8352
64.8352
64.8352
64.8352
64.8352
64.8352
64.8352
64.8352
64.8352
