65.9341
58.2418
62.6374
64.8352
62.6374
62.6374
61.5385
61.5385
61.5385
62.6374
62.6374
63.7363
64.8352
62.6374
62.6374
62.6374
61.5385
61.5385
61.5385
61.5385
61.5385
61.5385
60.4396
60.4396
60.4396
60.4396
60.4396
60.4396
60.4396
60.4396
60.4396
60.4396
60.4396
59.3407
59.3407
59.3407
59.3407
59.3407
59.3407
59.3407
59.3407
59.3407
59.3407
59.3407
59.3407
59.3407
59.3407
59.3407
59.3407
59.3407
59.3407
59.3407
59.3407
59.3407
59.3407
59.3407
59.3407
59.3407
59.3407
59.3407
59.3407
59.3407
59.3407
59.3407
59.3407
59.3407
59.3407
59.3407
59.3407
59.3407
59.3407
59.3407
59.3407
59.3407
59.3407
59.3407
59.3407
59.3407
58.2418
